        1948        2019
 1948 -99.99 -99.99 -99.99 -99.99 -99.99 -99.99 -99.99 -99.99 -99.99 -99.99 -99.99 -99.99
 1949 -99.99 -99.99 -99.99 -99.99 -99.99 -99.99 -99.99 -99.99 -99.99 -99.99 -99.99 -99.99
 1950  26.94  26.67  26.52  26.90  27.73  28.13  27.64  27.54  27.27  27.13  26.99  27.14
 1951  27.21  27.09  27.74  28.21  29.18  29.05  29.12  28.53  28.64  28.54  28.65  28.58
 1952  28.28  28.04  27.98  28.47  28.67  28.49  28.12  28.00  28.39  28.06  28.16  27.84
 1953  27.97  27.98  28.03  28.49  28.92  29.15  28.84  28.57  28.30  28.66  28.59  28.57
 1954  28.36  28.17  27.97  27.92  28.21  28.17  27.81  27.63  27.49  27.28  27.54  27.30
 1955  27.41  27.11  27.09  27.57  27.82  28.01  28.04  27.54  27.41  26.76  26.69  27.09
 1956  27.04  27.01  27.22  27.53  28.00  28.18  27.86  27.33  27.34  27.64  27.89  27.89
 1957  27.71  27.72  27.87  28.57  28.93  28.59  28.34  28.75  28.65  28.78  28.76  28.88
 1958  29.05  29.12  28.99  28.90  28.98  28.99  28.83  28.65  28.61  28.77  28.67  28.65
 1959  28.37  27.99  28.00  28.45  28.66  28.52  28.27  28.25  28.20  28.32  28.04  28.03
 1960  27.62  27.44  27.75  28.01  28.42  28.33  28.15  28.06  28.05  28.16  28.32  28.41
 1961  27.97  27.79  27.79  27.91  28.28  28.46  28.19  27.92  28.06  27.83  28.09  28.00
 1962  27.65  27.54  27.76  28.04  28.11  28.38  28.13  27.98  27.91  27.94  27.90  27.74
 1963  27.45  27.48  27.98  28.29  28.40  28.32  28.62  28.79  29.00  28.99  28.70  28.54
 1964  28.41  28.05  27.68  28.02  28.21  27.94  27.79  27.41  27.05  27.14  26.95  26.94
 1965  27.23  27.44  27.57  27.71  28.50  28.88  28.91  28.91  28.88  29.28  29.10  28.87
 1966  28.70  28.64  29.08  28.80  28.86  28.93  28.98  28.58  28.57  28.68  28.64  28.21
 1967  27.60  27.41  27.82  28.44  28.76  28.58  28.52  28.32  28.20  28.33  28.34  28.15
 1968  27.86  27.73  27.75  28.17  28.32  28.88  28.55  28.58  28.57  28.69  29.10  29.16
 1969  29.24  29.28  28.95  29.03  29.25  28.93  28.73  28.92  29.16  29.32  29.19  28.93
 1970  28.53  28.49  28.33  28.58  28.82  28.62  28.44  27.89  27.65  27.59  27.57  27.04
 1971  26.65  26.81  27.01  27.46  27.85  27.83  27.69  27.54  27.30  27.44  27.71  27.86
 1972  27.63  27.89  28.16  28.74  29.03  29.07  29.03  28.75  28.87  29.16  29.23  29.21
 1973  28.99  28.59  28.33  28.25  28.48  28.15  27.85  27.44  27.27  27.11  26.77  26.50
 1974  26.30  26.72  27.17  27.43  27.77  27.89  27.74  27.97  27.71  27.53  27.55  27.42
 1975  27.61  27.65  27.46  27.63  27.77  27.54  27.37  27.03  26.71  26.55  26.58  26.39
 1976  26.58  26.89  27.34  27.80  28.15  28.21  28.18  28.17  28.26  28.73  28.78  28.29
 1977  28.22  28.05  28.09  28.39  28.56  28.80  28.84  28.71  28.95  29.04  29.02  28.95
 1978  28.72  28.39  28.18  28.04  28.52  28.41  28.28  28.20  28.28  28.20  28.31  28.37
 1979  28.36  28.09  28.30  28.60  28.74  28.73  28.70  28.34  28.47  28.58  28.81  28.83
 1980  28.69  28.56  28.51  28.76  29.18  29.13  28.92  28.50  28.49  28.74  28.68  28.51
 1981  28.19  28.02  28.15  28.11  28.36  28.38  28.17  28.08  28.36  28.38  28.39  28.45
 1982  28.29  28.02  28.39  28.95  29.31  29.41  29.03  28.87  29.09  29.44  29.27  29.05
 1983  28.71  28.52  28.55  28.67  29.08  28.97  28.63  28.39  27.98  27.87  27.68  27.71
 1984  27.49  27.48  27.47  27.75  28.13  28.19  28.30  28.17  28.22  28.02  27.79  27.59
 1985  27.68  27.49  27.31  27.48  27.93  28.02  28.18  28.21  28.28  28.36  28.35  28.30
 1986  28.07  27.96  28.16  28.28  28.58  28.77  28.82  28.85  28.98  28.99  29.07  28.86
 1987  28.62  28.70  28.79  28.70  29.10  29.37  29.38  29.38  29.54  29.58  29.52  29.30
 1988  28.96  28.65  28.46  28.27  28.30  28.09  27.96  28.02  27.84  27.12  26.97  26.77
 1989  26.60  26.66  27.16  27.61  28.13  28.05  28.05  28.02  28.26  28.31  28.16  28.42
 1990  28.48  28.58  28.63  28.75  28.85  28.92  28.92  28.92  28.98  29.15  29.20  29.19
 1991  28.90  28.73  28.66  28.97  29.38  29.35  29.34  29.26  29.09  29.47  29.39  29.35
 1992  28.94  29.08  28.96  29.09  29.23  29.24  29.21  28.93  28.86  28.76  28.69  28.61
 1993  28.54  28.30  28.37  28.66  28.98  29.01  28.97  28.92  29.06  28.78  28.79  28.72
 1994  28.43  28.14  28.37  28.74  29.14  29.23  29.40  29.50  29.30  29.45  29.44  29.46
 1995  29.04  28.91  29.03  29.14  29.31  29.18  28.93  28.65  28.41  28.31  28.11  28.04
 1996  27.85  27.67  27.92  28.17  28.46  28.49  28.45  28.47  28.40  28.45  28.47  28.35
 1997  28.33  28.39  28.56  29.22  29.44  29.23  29.37  29.29  29.44  29.34  29.39  29.11
 1998  28.95  28.79  28.62  28.56  28.66  28.26  28.11  27.77  27.74  27.42  27.24  27.06
 1999  26.64  26.56  26.98  27.41  27.89  27.96  27.75  27.69  27.79  27.79  27.42  27.18
 2000  26.99  26.73  26.89  27.20  27.63  28.06  28.17  28.16  28.27  28.11  27.92  27.59
 2001  27.43  27.37  27.61  28.04  28.53  28.79  28.98  28.84  28.97  28.95  28.78  28.66
 2002  28.72  28.66  28.57  29.03  29.52  29.61  29.52  29.43  29.37  29.41  29.55  29.38
 2003  28.89  28.88  28.92  28.96  28.86  29.07  29.08  28.98  28.94  29.12  29.07  28.97
 2004  28.75  28.57  28.42  28.71  29.02  29.19  29.32  29.34  29.45  29.46  29.45  29.41
 2005  29.20  28.87  28.93  29.05  29.21  29.14  28.79  28.73  28.79  28.85  28.55  28.28
 2006  27.82  27.52  27.73  28.29  28.86  29.03  29.10  29.21  29.40  29.45  29.62  29.46
 2007  28.97  28.66  28.66  28.73  28.84  28.90  28.68  28.48  28.11  27.91  27.61  27.42
 2008  26.87  26.62  26.97  27.46  27.81  27.96  28.07  28.04  28.08  28.17  27.98  27.73
 2009  27.37  27.35  27.74  28.37  28.90  29.14  29.19  29.23  29.33  29.68  29.82  29.72
 2010  29.44  29.08  29.07  29.13  29.01  28.66  28.10  27.54  27.32  27.15  27.11  27.09
 2011  26.92  27.15  27.51  27.89  28.35  28.46  28.42  28.16  28.00  27.86  27.80  27.53
 2012  27.30  27.29  27.56  28.03  28.40  28.58  28.64  28.86  28.97  29.07  29.00  28.60
 2013  28.24  28.01  27.95  28.36  28.69  28.77  28.66  28.61  28.65  28.72  28.74  28.48
 2014  28.14  28.27  28.60  28.98  29.45  29.36  29.04  29.04  29.16  29.24  29.43  29.30
 2015  29.07  29.07  29.22  29.61  29.85  29.88  29.78  29.77  29.82  29.84  30.13  29.91
 2016  29.54  29.41  29.39  29.37  29.45  29.35  29.05  28.73  28.51  28.32  28.24  28.35
 2017  28.16  28.11  28.29  28.69  29.10  29.29  29.16  28.87  28.72  28.56  28.30  28.02
 2018  27.88  27.85  28.10  28.65  29.07  29.21  29.13  29.24  29.34  29.71  29.61  29.45
 2019  29.08  28.91  28.96  29.15  29.46  29.58  29.66  29.44  29.34  29.52  29.46 -99.99
   -99.99
  Nino 4 Index  using ersstv5 from CPC
 https://www.esrl.noaa.gov/psd/data/climateindices/list/for info
